0 0.2983156028368794 0.43577981651376146 0.03634751773049645 0.024700070571630206
0 0.2548758865248227 0.25405786873676783 0.09840425531914894 0.03952011291460833
0 0.23093971631205673 0.5723359209597741 0.03634751773049645 0.03669724770642202
0 0.14671985815602837 0.43119266055045874 0.09131205673758866 0.053634438955539876
0 0.749113475177305 0.03669724770642202 0.03900709219858156 0.028228652081863093
0 0.42907801418439717 0.4079040225829217 0.0549645390070922 0.038108680310515175
0 0.8652482269503546 0.4717713479181369 0.0673758865248227 0.10232886379675371
0 0.39317375886524825 0.7819336626676077 0.12677304964539007 0.06069160197600565
0 0.46941489361702127 0.718772053634439 0.04875886524822695 0.030345800988002825
0 0.7987588652482269 0.681016231474947 0.044326241134751775 0.06774876499647142
0 0.11391843971631206 0.7685250529287226 0.061170212765957445 0.029640084685956247
0 0.10460992907801418 0.6474947071277346 0.05851063829787234 0.0529287226534933
0 0.6790780141843972 0.8588567395906845 0.07446808510638298 0.09174311926605505
0 0.3976063829787234 0.5762173606210304 0.23138297872340424 0.08962597035991532
0 0.5350177304964538 0.12032462949894143 0.6320921985815603 0.20677487649964715
0 0.30274822695035464 0.33909668313338037 0.32890070921985815 0.15455187014820043