0 0.9059304703476483 0.44776748104465036 0.08384458077709611 0.14069081718618365
0 0.3553169734151329 0.7354675652906487 0.04396728016359918 0.07245155855096883
0 0.47137014314928427 0.7287278854254423 0.03067484662576687 0.06571187868576242
0 0.5782208588957055 0.7308340353833193 0.04805725971370143 0.08677337826453244
0 0.24642126789366053 0.5770850884582982 0.05112474437627812 0.006739679865206402
0 0.19376278118609408 0.7775905644481887 0.05828220858895705 0.04212299915754002
0 0.34611451942740284 0.9165964616680707 0.017382413087934562 0.016849199663016005
0 0.1058282208588957 0.5075821398483572 0.02965235173824131 0.019376579612468407
0 0.2852760736196319 0.5888795282224094 0.012269938650306749 0.011794439764111205
0 0.6226993865030674 0.8618365627632687 0.022494887525562373 0.015164279696714406
0 0.42484662576687116 0.8496208930075821 0.04396728016359918 0.02780117944397641