0 0.40975987606506586 0.5060449050086355 0.037180480247869865 0.03914795624640184
0 0.22889233152594887 0.5590097869890616 0.15879163439194424 0.2141623488773748
0 0.09450038729666925 0.6162924582613701 0.05886909372579396 0.0535405872193437
0 0.1402013942680093 0.7167530224525043 0.03563129357087529 0.035693724812895795
0 0.3381099922540666 0.6894070236039148 0.0704879938032533 0.05469199769717904
0 0.5038729666924865 0.5676453655728267 0.10766847405112316 0.08175014392630973
0 0.23315259488768397 0.20092112838226828 0.05112316034082107 0.04029936672423719
0 0.33927188226181254 0.35377086931491075 0.09759876065065841 0.13874496257915947
0 0.49264136328427577 0.44473229706390327 0.209140201394268 0.12377662636729994
0 0.19287374128582493 0.8554979850316637 0.060418280402788536 0.03223949337938975
0 0.8005422153369481 0.5118019573978123 0.1758326878388846 0.17731721358664365
0 0.3865220759101472 0.7806563039723662 0.16266460108443068 0.09441565918249856