0 0.6211389961389961 0.2705394190871369 0.0222007722007722 0.026556016597510373
0 0.734073359073359 0.2883817427385892 0.05501930501930502 0.04730290456431535
0 0.957046332046332 0.32987551867219916 0.037644787644787646 0.03402489626556016
0 0.8571428571428571 0.4983402489626556 0.03088803088803089 0.08713692946058091
0 0.9546332046332047 0.48049792531120333 0.09073359073359073 0.1078838174273859
0 0.7760617760617761 0.5605809128630705 0.032818532818532815 0.03402489626556016
0 0.8156370656370656 0.608713692946058 0.04633204633204633 0.04730290456431535
0 0.861003861003861 0.7721991701244814 0.11003861003861004 0.15352697095435686
0 0.765926640926641 0.8427385892116183 0.1167953667953668 0.0987551867219917
0 0.49276061776061775 0.8078838174273859 0.05501930501930502 0.05062240663900415
0 0.6356177606177607 0.7572614107883817 0.06467181467181467 0.030705394190871368
0 0.6023166023166023 0.2149377593360996 0.02895752895752896 0.013278008298755186
0 0.6027992277992278 0.9705394190871369 0.1303088803088803 0.05560165975103734