0 0.20951585976627712 0.42610150585610707 0.07011686143572621 0.04573340769659788
0 0.35684474123539234 0.4495259341885109 0.04424040066777963 0.0501952035694367
0 0.26585976627712854 0.45287228109314 0.014190317195325543 0.03904071388733965
0 0.15191986644407346 0.6079196876742889 0.028380634390651086 0.024539877300613498
0 0.02963272120200334 0.4782487451199108 0.02587646076794658 0.016174010039040714
0 0.15442404006677796 0.47044060234244284 0.02671118530884808 0.03402119353039598
0 0.22579298831385644 0.5080870050195203 0.052587646076794656 0.04573340769659788
0 0.07971619365609349 0.5395984383714445 0.017529215358931552 0.011712214166201896
0 0.3259599332220367 0.07501394311210262 0.027545909849749584 0.013943112102621304
0 0.41485809682804675 0.15337423312883436 0.10350584307178631 0.08365867261572783
0 0.5613522537562604 0.1316229782487451 0.07429048414023372 0.08700501952035694
0 0.6214524207011686 0.019520356943669825 0.04257095158597663 0.01784718349135527
0 0.7474958263772955 0.1879531511433352 0.08263772954924875 0.06581148912437255